          10   2.81196416088407     
          11   2.93203189543878     
          12   3.21236042447392     
          13   3.19976128226019     
          14   3.31976915656635     
          15   3.60263822844791     
          16   3.50204893651631     
          17   3.61597655427770     
          18   4.07197597332747     
          19   4.11467581291601     
          20   4.05796501663207     
          21   4.31652797234248     
          22   4.48301347425874     
          23   4.09457112773547     
          24   4.21609971619907     
          25   4.26393886284435     
          26   4.44722397064596     
          27   4.94149654710791     
          28   4.66426965052930     
          29   4.72469898608857     
          30   5.04234784536279     
          31   4.63830755358261     
          32   5.06385818992851     
          33   5.11184556197651     
          34   4.75073273501827     
          35   5.25564151223918     
          36   5.16292732882414     
          37   5.79665920667579     
          38   5.19959729435824     
          39   5.20635376428220     
          40   5.78123585265417     
          41   5.45677970333199     
          42   6.46159523453610     
          43   6.30221324010652     
          44   6.52573427712284     
          45   5.78494878529141     
          46   5.62603819802246     
          47   6.60998234189374     
          48   6.30121683675545     
          49   6.28356128524885     
          50   6.07872426985251     
          51   6.28485686662146     
          52   5.98279690918079     
          53   6.70206926646617     
          54   6.38078725812199     
          55   6.33180515581072     
          56   6.65164159914811     
          57   6.44600982788676     
          58   7.56480001199761     
          59   6.32624648715650     
          60   7.05528869549456     
          61   6.62892717354452     
          62   6.94299555186740     
          63   7.33102100644936     
          64   7.24296074414570     
          65   7.45018554456472     
          66   6.15658210686025     
          67   7.24173097629303     
          68   6.60884124965505     
          69   7.54106977057116     
          70   7.67565892966527     
          71   7.41454749484790     
          72   7.24309326319120     
          73   7.45996328544183     
          74   7.92527754000792     
          75   8.23240546596755     
          76   7.98853563954754     
          77   8.09246537930401     
          78   7.95362586675123     
          79   8.72949828549275     
          80   7.27549615922281     
          81   7.72295186821992     
          82   7.54890480893817     
          83   7.87135293248599     
          84   7.99070718196772     
          85   7.13192224643635     
          86   8.12346795638101     
          87   7.98978302565596     
          88   8.13299522865019     
          89   9.12875303246557     
          90   8.26616961142913     
          91   8.28493819264798     
          92   8.55413795531882     
          93   7.87999926953071     
          94   8.74973816112590     
          95   9.30632858975121     
          96   9.34881931626870     
          97   8.48839160951800     
          98   8.76204918197050     
          99   8.19266478478084     
         100   7.86439965592772     
         101   9.71361142975781     
         102   9.15261617151627     
         103   8.26926371258114     
         104   9.58550281496528     
         105   9.38831870488992     
         106   9.62513738659501     
         107   9.01306205360896     
         108   8.85148314400893     
         109   9.43194068443197     
         110   9.26451500626245     
         111   9.86003775037701     
         112   10.2830859050603     
         113   10.1608989966577     
         114   10.0528911672977     
         115   9.01970829010513     
         116   9.74841803716566     
         117   10.1189916402794     
         118   9.90628059039162     
         119   9.62486155890063     
         120   9.38875969696447     
         121   9.68713375114415     
         122   9.72574582307847     
         123   9.99028131855628     
         124   9.85857000935934     
         125   9.58127753239077     
         126   9.21415003604073     
         127   10.2782085286792     
         128   10.4447533265018     
         129   10.6993185958558     
         130   10.0695018642007     
         131   9.47439346769122     
         132   9.48504204182050     
         133   10.1790836489118     
         134   9.99361180836907     
         135   10.6453464375775     
         136   10.8916769228022     
         137   10.7398111033286     
         138   9.89900933341304     
         139   9.55127794513161     
         140   10.9014661172399     
         141   11.3100967826706     
         142   10.7941048755373     
         143   9.77294435957382     
         144   10.6162777700125     
         145   10.3162604318180     
         146   10.1948402190236     
         147   10.5312892192693     
         148   11.0090099089647     
         149   11.1005208078725     
         150   11.4161931716981     
         151   11.6401307121509     
         152   11.2454406659209     
         153   11.6060640407747     
         154   10.8644076049960     
         155   10.0909201748158     
         156   10.7916051304425     
         157   11.6728585969415     
         158   10.7467413435278     
         159   11.7083865499950     
         160   11.1447259879785     
         161   11.0525507051868     
         162   11.5804277104708     
         163   10.9186072063842     
         164   11.1415496329662     
         165   11.1030625885957     
         166   11.8533499379216     
         167   12.2813220820242     
         168   11.5106033335007     
         169   10.9726439816904     
         170   11.3062030536197     
         171   11.0293509622654     
         172   11.2339057537390     
         173   12.3544647351844     
         174   11.8482325740599     
         175   12.4870850107400     
         176   12.2455199432046     
         177   11.2077439284911     
         178   12.8595042380213     
         179   12.7287605514921     
         180   11.2240847080425     
         181   12.4763617809364     
         182   11.7349407266280     
         183   12.9552025804279     
         184   11.0130302894921     
         185   12.2536339519873     
         186   11.7806228314710     
         187   13.6982934293645     
         188   12.5024608335788     
         189   12.7270328217047     
         190   11.8396741480293     
         191   11.5607390304687     
         192   11.4308540844615     
         193   12.3337915049705     
         194   12.7061305317486     
         195   13.4281517074813     
         196   11.3845288301147     
         197   12.6340945193920     
         198   12.0708518572704     
         199   12.3955143127526     
         200   11.5160471093615     
         201   12.2776757570287     
         202   12.9111426005550     
         203   12.6056937143644     
         204   11.4935097028044     
         205   13.3505624087483     
         206   13.6561953387210     
         207   12.6301983806082     
         208   12.9539661365492     
         209   12.8942370569677     
         210   12.7509372212049     
         211   12.4432533409721     
         212   14.3522549775211     
         213   12.7137527204829     
         214   12.3358492270913     
         215   13.2061761060229     
         216   13.5629693191722     
         217   12.7948123962768     
         218   12.5161327439767     
         219   12.5679040328031     
         220   13.3356870326581     
         221   12.5644426324393     
         222   13.8857561813820     
         223   13.6266797598246     
         224   12.7933348775098     
         225   14.1818631025556     
         226   13.1104886364455     
         227   13.9852732993071     
         228   13.2701332409392     
         229   13.9902611189931     
         230   12.3653420893614     
         231   14.9751480969609     
         232   13.3463809509186     
         233   13.0659428468718     
         234   13.4042394457235     
         235   14.4186445231140     
         236   14.5417368689588     
         237   13.3708321686098     
         238   14.2544387482490     
         239   13.6740071240531     
         240   14.5344593616399     
         241   12.9380626585020     
         242   13.9190518567136     
         243   13.4346600181051     
         244   14.2470272253264     
         245   11.8614917248553     
         246   14.2497572128673     
         247   13.4251249115496     
         248   13.5594378346559     
         249   12.6626991970023     
         250   14.9786777720460     
         251   14.9426002030945     
         252   14.1671106752546     
         253   13.7382280440693     
         254   13.4429539549347     
         255   14.1440220799992     
         256   14.0832502004008     
         257   14.9662193795371     
         258   14.4465572655391     
         259   13.9876726560653     
         260   14.7357737590318     
         261   13.3095259395093     
         262   14.2345316380439     
         263   13.6784310542702     
         264   14.1214122336124     
         265   14.7917085049759     
         266   15.2564858800423     
         267   14.6081100469847     
         268   15.8636834224550     
         269   15.6288363811717     
         270   13.3919066710370     
         271   14.4036303836629     
         272   14.3470810741134     
         273   14.2679558323990     
         274   14.6985883488481     
         275   14.2272395071617     
         276   15.9490788708585     
         277   16.5161077748847     
         278   13.9927995329181     
         279   15.4871324059538     
         280   15.4366922850115     
         281   14.6866041897628     
         282   15.1853597993512     
         283   14.6770755216486     
         284   15.2545664447367     
         285   15.2192447667606     
         286   14.9517474660050     
         287   14.3923161907860     
         288   16.2696077569687     
         289   15.0303480510750     
         290   16.1153765540978     
         291   16.2409638373678     
         292   14.1947238516427     
         293   16.2727516026355     
         294   14.7341483354924     
         295   12.8303374634232     
         296   15.8344805824115     
         297   15.5199098701051     
         298   14.6329744100217     
         299   13.9889046562228     
         300   16.8362128617972     
         301   16.0851781882524     
         302   15.2109989151508     
         303   15.6574103738530     
         304   15.0042726438120     
         305   16.7412597487703     
         306   14.9162357701358     
         307   15.3849741852278     
         308   14.6612579005880     
         309   15.0002091110953     
         310   15.8472560683734     
         311   15.3236618536843     
         312   16.6358006400789     
         313   15.5247523189671     
         314   15.6329006937095     
         315   16.3789901862210     
         316   16.3799925584433     
         317   15.6543647651152     
         318   16.7447601645324     
         319   15.1704053533638     
         320   17.2230038575903     
         321   16.4648531871625     
         322   16.1261708818579     
         323   16.9934530707035     
         324   15.8139844945335     
         325   16.1778851727915     
         326   15.7975536594442     
         327   17.6013843647821     
         328   16.8992136351221     
         329   15.8214184089566     
         330   15.2726733968575     
         331   16.4034490429057     
         332   15.7306063238702     
         333   17.1682424189148     
         334   16.5548615219597     
         335   15.7300997332539     
         336   15.1510485016372     
         337   16.4360179243244     
         338   16.8828162651497     
         339   16.3619703039197     
         340   16.1102050832582     
         341   15.3863131993087     
         342   16.4511252217689     
         343   16.2610518002955     
         344   14.4586428645572     
         345   15.5815685966102     
         346   16.0497229824062     
         347   16.3331145204802     
         348   15.0616600292276     
         349   16.6566943757946     
         350   15.8909535343798     
         351   16.0938953049414     
         352   16.6231381781616     
         353   16.4933880227219     
         354   16.2687018306457     
         355   16.3759505796509     
         356   15.9159285849130     
         357   16.3770279257635     
         358   16.3228106747500     
         359   16.2106821332944     
         360   17.2899277673424     
         361   15.9014143496278     
         362   15.6197517565351     
         363   18.3368862073065     
         364   18.8556116824341     
         365   15.9781086306015     
         366   18.4290970157740     
         367   16.7931241146026     
         368   17.0441380909077     
         369   17.6562982947760     
         370   16.8065004819844     
         371   19.2634952804913     
         372   16.9438633281671     
         373   17.0116880601771     
         374   18.1333129537437     
         375   16.5542779151725     
         376   15.9142265206872     
         377   16.1739113567135     
         378   16.7577630718525     
         379   16.8605154954096     
         380   17.4450273750656     
         381   16.6923955544676     
         382   15.9739686938459     
         383   18.9090743279563     
         384   16.8236994176345     
         385   17.0164881874302     
         386   18.5492223435865     
         387   18.5751539391642     
         388   16.4134815382056     
         389   15.9192233513523     
         390   19.1458517540114     
         391   16.5530378553616     
         392   17.2899836171369     
         393   18.8280925728459     
         394   18.3452903986890     
         395   15.8402488409629     
         396   17.7459720516429     
         397   18.1650829037337     
         398   16.8162922635480     
         399   15.9933329769409     
         400   17.5804408166997     
         401   17.1052116138623     
         402   16.5807344570862     
         403   18.1934270558962     
         404   17.2084901550538     
         405   17.5381417171282     
         406   17.1789973992668     
         407   18.5137614263521     
         408   17.8458171099365     
         409   18.0292213974812     
         410   18.3491043439892     
         411   18.7462575008507     
         412   17.1209905262334     
         413   19.0298107756634     
         414   17.1661622193596     
         415   18.9616732560345     
         416   16.8844672395032     
         417   17.1780229605876     
         418   19.4382898682372     
         419   18.6593454882526     
         420   18.8980695995697     
         421   18.9358718468959     
         422   17.5452594111937     
         423   19.0754662035000     
         424   18.7492985927281     
         425   17.1262385354227     
         426   19.1917927641790     
         427   17.6802041983243     
         428   20.1240228803720     
         429   18.9476126052386     
         430   17.4121985811805     
         431   18.4206257530346     
         432   18.1319768877700     
         433   19.7366470784363     
         434   18.3627223464783     
         435   19.3215782848498     
         436   18.0166183279194     
         437   18.9444416308731     
         438   19.0638693988207     
         439   18.9649678431967     
         440   19.6400382928612     
         441   17.0760014364813     
         442   18.4947900453885     
         443   17.8174246083913     
         444   18.2817264780619     
         445   17.0937348529610     
         446   18.9072188486124     
         447   18.1919010089713     
         448   17.5546696630345     
         449   17.9515926009985     
         450   18.0296873224975     
         451   19.9148829668498     
         452   19.2700308336741     
         453   20.0220134007033     
         454   19.7722043330338     
         455   19.4672354259005     
         456   19.6944845017115     
         457   20.4348225248028     
         458   19.2995704208998     
         459   19.0525744021508     
         460   19.3477503011366     
         461   17.3592572017110     
         462   19.1512455554606     
         463   18.2527720577287     
         464   19.6263373936598     
         465   19.2755085030287     
         466   19.7178526194286     
         467   18.2903627005317     
         468   19.5379721304648     
         469   16.7826834618521     
         470   19.5310256007299     
         471   20.3790865953189     
         472   21.2653319571555     
         473   19.9012965411139     
         474   19.8414904845315     
         475   21.1977020813020     
         476   18.9847082202522     
         477   19.2275256951973     
         478   17.9428085869342     
         479   18.4950475493513     
         480   18.0184115142869     
         481   20.6655357275364     
         482   17.8956111065159     
         483   18.6887624594915     
         484   19.3974739197330     
         485   18.7656131094376     
         486   19.9130351913109     
         487   17.7003896449667     
         488   20.8205478033979     
         489   18.8116003756892     
         490   22.0059760635918     
         491   18.8521197873409     
         492   19.2882482184612     
         493   20.8410650490752     
         494   20.0588155265253     
         495   19.8687176898755     
         496   19.3103136469871     
         497   20.1700364423362     
         498   19.1005377529826     
         499   19.8364522993317     
         500   21.2831726470700     
         501   18.8729398446677     
         502   18.7307125535636     
         503   19.7284270250649     
         504   19.5534489574174     
         505   20.2510675033933     
         506   20.4802306587500     
         507   18.3117126044108     
         508   21.0949888348399     
         509   19.6721210065569     
         510   19.9468939873191     
         511   21.9202974446092     
         512   19.4982409622329     
         513   20.7702597852312     
         514   18.5910377773504     
         515   19.3031143664522     
         516   20.6522301481199     
         517   19.5440864455281     
         518   20.8697769550833     
         519   20.3214358382184     
         520   20.7230149095806     
         521   21.5979189429055     
         522   19.2958228748401     
         523   20.7083053804377     
         524   19.6094165241180     
         525   22.9032538666415     
         526   19.3323208884776     
         527   20.1017933484042     
         528   20.4217536712069     
         529   21.5433620857943     
         530   19.3282880066512     
         531   22.4091811260525     
         532   20.4434722041648     
         533   19.9082492466567     
         534   20.5746382427263     
         535   20.3128432125376     
         536   20.1076529583562     
         537   19.5751334525626     
         538   19.1572565928238     
         539   21.4104025290468     
         540   20.7072903368717     
         541   20.8733428208805     
         542   21.0683344233314     
         543   21.1106763294004     
         544   20.8869593340831     
         545   20.5276520239268     
         546   22.8038197495525     
         547   21.5459763196579     
         548   21.1932125901836     
         549   19.7159927029141     
         550   18.9225255162473     
         551   20.8177094761493     
         552   20.9124977495911     
         553   21.0609612090503     
         554   17.7182958772944     
         555   21.1493652387148     
         556   20.7661693368015     
         557   18.6949375307214     
         558   21.4185630223067     
         559   20.8403517421303     
         560   22.6953268218291     
         561   20.0521203766146     
         562   20.2658835165586     
         563   22.8360189635323     
         564   21.4727057834084     
         565   21.5280831512548     
         566   20.2693743143312     
         567   20.8099044901419     
         568   21.3614009193380     
         569   23.4024842139891     
         570   21.0549248579599     
         571   22.2920978479503     
         572   20.8753660280436     
         573   23.3577237378444     
         574   21.4930340170708     
         575   21.5082054889919     
         576   20.5510652735601     
         577   21.6077066177741     
         578   21.5348518777281     
         579   20.9355030044653     
         580   19.1759767609099     
         581   20.6335204409401     
         582   21.5370637849503     
         583   22.2270654946408     
         584   20.5359109726515     
         585   21.7761740077934     
         586   22.3385676211370     
         587   21.8681999943684     
         588   22.7633757288873     
         589   22.0762355514656     
         590   20.8078182459080     
         591   22.8384966389662     
         592   20.9309907028799     
         593   20.8941865128645     
         594   20.5658923117244     
         595   21.8140708173235     
         596   21.3905560655669     
         597   22.4049640490061     
         598   21.2285521323147     
         599   19.4462461637149     
         600   21.0551092128465     
         601   21.8805474018908     
         602   19.5387242465723     
         603   20.3363258146657     
         604   21.8909871009860     
         605   22.2059587362504     
         606   20.5153488745525     
         607   21.6819734451650     
         608   23.2085029209932     
         609   20.4765796582389     
         610   22.0292836985676     
         611   19.9702668909392     
         612   23.3940782758027     
         613   21.0877428653288     
         614   22.4447561859338     
         615   23.0582644067187     
         616   21.7096064707391     
         617   23.3457065864267     
         618   22.3435849831450     
         619   21.9372140249249     
         620   21.9142464760413     
         621   22.2688572174598     
         622   20.7074153683813     
         623   21.5108102002815     
         624   23.2272121841827     
         625   21.5182042757151     
         626   22.9721268257490     
         627   25.8852833679130     
         628   23.5301989218906     
         629   20.3931582209873     
         630   22.0776078022392     
         631   24.2432036918882     
         632   22.2713033863210     
         633   21.4284796973083     
         634   22.9074218773701     
         635   21.8978816148856     
         636   21.2805104202328     
         637   22.1998989538509     
         638   23.6179863550912     
         639   20.7267489425414     
         640   21.4004334363319     
         641   20.8044093472123     
         642   22.6469393822233     
         643   21.8769485351247     
         644   21.4659932005045     
         645   21.4714334049430     
         646   21.5284149684101     
         647   22.8420380308390     
         648   22.5333952734987     
         649   23.8400417600149     
         650   20.8425408008401     
         651   22.6075377673530     
         652   24.1426759547351     
         653   23.3029593142705     
         654   20.8730473494813     
         655   24.6762983492672     
         656   24.1311126880152     
         657   22.3934006293046     
         658   23.5907832293775     
         659   23.0756301562371     
         660   23.9071415295092     
         661   23.6725872629957     
         662   23.5650633328409     
         663   22.4526291342753     
         664   23.4987749822009     
         665   22.6685275021655     
         666   21.6833921529413     
         667   21.9715771724196     
         668   23.4856366616230     
         669   22.9266535538599     
         670   20.9023543665196     
         671   23.5973723608213     
         672   24.8130646659745     
         673   22.5992542994723     
         674   24.4506882821832     
         675   21.9243316970208     
         676   24.2635754711167     
         677   22.5685292137269     
         678   25.0958580201586     
         679   21.9970883734111     
         680   22.6612351569959     
         681   20.9692318603239     
         682   22.9032405668495     
         683   23.4532359940942     
         684   23.9797984102557     
         685   22.9677171305638     
         686   23.6404210427083     
         687   24.1931864564694     
         688   22.8662345117560     
         689   23.3992422347222     
         690   23.3468184141908     
         691   24.7781853633830     
         692   23.6010918627657     
         693   23.7782264647416     
         694   22.8847004450578     
         695   23.2063328474353     
         696   26.2785080923612     
         697   22.1113798878917     
         698   26.0219684256301     
         699   23.5671138988337     
         700   25.3347579379892     
         701   24.0443410282805     
         702   23.4255063599557     
         703   22.1539023350560     
         704   22.2710377825699     
         705   24.1610642104641     
         706   24.8026744056670     
         707   24.1675254586869     
         708   22.9960528661761     
         709   24.9930991495062     
         710   23.7357613040479     
         711   24.2437193273755     
         712   22.5096885160197     
         713   25.2535716488484     
         714   24.4460953666613     
         715   22.4921513827085     
         716   21.9468750006922     
         717   24.5624133370702     
         718   23.9130896418875     
         719   23.6453436126298     
         720   24.5902911020487     
         721   25.0140830888377     
         722   24.2433304940102     
         723   25.8754798970122     
         724   24.5139309792028     
         725   24.1565074263833     
         726   22.2514365665172     
         727   23.4047179098852     
         728   25.3060025935187     
         729   23.5448470034097     
         730   23.9123005169535     
         731   23.3688758363186     
         732   25.1900172336676     
         733   25.5644989189939     
         734   22.5283929724461     
         735   22.7981895183631     
         736   24.8075379928121     
         737   22.9185769361036     
         738   23.4233664632859     
         739   24.4285084589940     
         740   23.5442427735222     
         741   25.2965141670325     
         742   23.2563807746347     
         743   25.7391258047943     
         744   26.0480119490073     
         745   24.5248099700127     
         746   25.7663683427728     
         747   23.1840314973948     
         748   23.9877995168429     
         749   25.5761938604724     
         750   25.0354740067223     
         751   24.0118436733829     
         752   23.1422553611517     
         753   25.1930973764160     
         754   22.0060967992166     
         755   24.2321785670368     
         756   23.5848049571968     
         757   25.4198095253638     
         758   22.5895232624259     
         759   22.6048940917591     
         760   25.4848751863425     
         761   23.6072997538648     
         762   24.6206280737300     
         763   26.0184839579708     
         764   22.8621060048156     
         765   24.6007038971392     
         766   26.4816818545716     
         767   22.1543518662723     
         768   28.2112934124453     
         769   25.0364674223214     
         770   26.0768756222801     
         771   26.2390656006880     
         772   26.4442802176245     
         773   25.4903869175633     
         774   26.1962753967965     
         775   25.8617974321444     
         776   23.5845859678705     
         777   24.0580641797504     
         778   26.9369034962607     
         779   25.1885630633586     
         780   25.3306778867266     
         781   25.0252428008024     
         782   26.0427987965506     
         783   24.8271872282795     
         784   25.0870110103463     
         785   26.8825505037960     
         786   26.2022227859191     
         787   26.8950847965428     
         788   26.2343323235850     
         789   22.9923134433823     
         790   24.6654495848962     
         791   27.5373333857129     
         792   25.3114150485199     
         793   24.7895331138555     
         794   23.5649314906913     
         795   25.0224387732468     
         796   26.3596346766680     
         797   26.8019750849997     
         798   26.2599990006753     
         799   26.2398111148859     
         800   25.2469855014653     
         801   24.6421610532151     
         802   25.1733100414829     
         803   25.5134199707578     
         804   25.7057020658267     
         805   20.8071204684164     
         806   28.5984723451401     
         807   27.7496404313754     
         808   24.4414958247165     
         809   26.1811144601483     
         810   27.0488636065913     
         811   24.4650436207738     
         812   24.8055209133562     
         813   27.5927642947750     
         814   25.6701074224068     
         815   24.9539368514856     
         816   24.6233894581301     
         817   26.0468469445807     
         818   23.3723387185352     
         819   26.4245509016784     
         820   25.8225955243027     
         821   25.7807974385406     
         822   27.8058631179261     
         823   23.7789613715606     
         824   26.5294495281523     
         825   24.9696234425164     
         826   26.8123073319128     
         827   26.2357183021868     
         828   25.8684435455422     
         829   23.8027161804853     
         830   24.0343490389856     
         831   24.5099971114491     
         832   26.2636177994469     
         833   26.2985965914937     
         834   22.9102853191324     
         835   25.3861617323585     
         836   24.1854311165364     
         837   26.0665790735547     
         838   26.0603586382595     
         839   25.5852159830001     
         840   25.0184237940722     
         841   24.1432796577895     
         842   26.2764153564946     
         843   26.8172704908739     
         844   25.0035319685146     
         845   26.3197063115669     
         846   26.5038137186088     
         847   26.0227974162274     
         848   25.3560669424762     
         849   26.0144437897802     
         850   28.2364155195016     
         851   25.4906448053264     
         852   25.2161967630377     
         853   24.7823668054380     
         854   25.6156118592329     
         855   27.9006698192698     
         856   26.3820724336198     
         857   24.6767882258858     
         858   24.1524832193612     
         859   25.4119266941001     
         860   29.2231279082540     
         861   25.5815734232593     
         862   26.8053138341216     
         863   25.6294787897586     
         864   27.2594246740105     
         865   25.8975149814785     
         866   26.4293146196025     
         867   26.4563897313293     
         868   25.7761551819035     
         869   27.6053265583143     
         870   29.0091922914717     
         871   26.7742620176217     
         872   28.5441128318608     
         873   22.7396890564537     
         874   24.9219263192231     
         875   23.2430633696118     
         876   25.9334167995015     
         877   26.2213551683771     
         878   24.7869746798014     
         879   24.3268522430014     
         880   27.1408571091448     
         881   26.1226464213750     
         882   28.2156085441499     
         883   27.1600370340075     
         884   27.3434281044992     
         885   26.3835119754911     
         886   25.6549280336035     
         887   25.6521077346254     
         888   24.3768178790345     
         889   27.7749661058162     
         890   27.6784382374338     
         891   27.2297782145021     
         892   27.2407036544894     
         893   27.6525923305647     
         894   26.2595280998468     
         895   25.5394418144567     
         896   25.4123288824586     
         897   25.7217672106858     
         898   27.3519709370632     
         899   24.3100983294240     
         900   25.8362070710895     
         901   27.6813536390831     
         902   25.6121525598919     
         903   25.6492342427860     
         904   30.8544615587744     
         905   25.0009251588047     
         906   25.8920530778963     
         907   26.0138627895896     
         908   26.6494694283235     
         909   23.4550195116138     
         910   28.9675619635741     
         911   23.1907398069507     
         912   27.0878120153620     
         913   25.3515053827465     
         914   28.7354325666886     
         915   24.7912354333297     
         916   29.0062298540600     
         917   23.7125003677187     
         918   28.7887532725651     
         919   27.4507299008853     
         920   24.7872268694787     
         921   26.3414606885658     
         922   25.3789894235480     
         923   26.0940875738886     
         924   26.8879648251234     
         925   28.0799541285780     
         926   26.6298604452345     
         927   27.7920990868781     
         928   25.4461554022217     
         929   26.0576150279864     
         930   28.7603544905681     
         931   28.7176257776272     
         932   26.0667337631030     
         933   26.5813492059214     
         934   26.3059294381326     
         935   27.7830948823791     
         936   28.6381315652089     
         937   25.6897065223730     
         938   28.0746758249186     
         939   28.2096135230620     
         940   29.0203399235037     
         941   28.5929972865698     
         942   27.3571682933316     
         943   26.8066570647905     
         944   28.3364156570881     
         945   28.8039333242906     
         946   28.8358205365375     
         947   27.8275610926083     
         948   28.5384822116876     
         949   28.4400121811528     
         950   24.9625185924075     
         951   27.1156678674648     
         952   26.2961764247149     
         953   29.7640105327190     
         954   26.2024295901642     
         955   25.8489710967659     
         956   27.3865951847387     
         957   27.6249210678543     
         958   26.9934350313595     
         959   28.2767069326520     
         960   25.8835758584170     
         961   27.6006442586655     
         962   27.7278849761460     
         963   26.4288049769198     
         964   29.6790951873579     
         965   26.9354634477496     
         966   26.2716883948567     
         967   26.0963147744420     
         968   27.3327623050983     
         969   27.1585812808335     
         970   25.9020061361654     
         971   26.0563796810973     
         972   24.9830211644590     
         973   28.4185288049305     
         974   28.3072492944532     
         975   25.9018468717919     
         976   26.8181205389965     
         977   26.6137071171076     
         978   26.0421002389363     
         979   25.5175620618722     
         980   29.5537845470599     
         981   29.4128483974003     
         982   28.6481294082884     
         983   28.9886168269514     
         984   26.7700465145683     
         985   29.0143481057657     
         986   27.0111106554047     
         987   28.3808118626716     
         988   26.5439869956613     
         989   28.8406575142717     
         990   29.8381016796446     
         991   28.1645661460187     
         992   27.0894493125529     
         993   26.9020840267333     
         994   27.1706391023831     
         995   28.4234490184169     
         996   26.2730841974971     
         997   27.0914862464505     
         998   28.0102464337472     
         999   26.1825070936580     
        1000   28.0037890113276     
