           3   1.58000000000000     
           4   1.66000000000000     
           5   1.92000000000000     
           6   2.00000000000000     
           7   2.14000000000000     
           8   2.24000000000000     
           9   2.40000000000000     
          10   2.66000000000000     
          11   2.70000000000000     
          12   3.14000000000000     
          13   2.72000000000000     
          14   2.72000000000000     
          15   3.38000000000000     
          16   3.40000000000000     
          17   3.48000000000000     
          18   3.10000000000000     
          19   3.52000000000000     
          20   3.36000000000000     
          21   3.80000000000000     
          22   3.88000000000000     
          23   3.84000000000000     
          24   4.44000000000000     
          25   4.44000000000000     
          26   4.10000000000000     
          27   4.84000000000000     
          28   4.24000000000000     
          29   4.48000000000000     
          30   4.42000000000000     
          31   4.10000000000000     
          32   4.64000000000000     
          33   4.30000000000000     
          34   4.86000000000000     
          35   4.50000000000000     
          36   4.74000000000000     
          37   4.94000000000000     
          38   4.62000000000000     
          39   5.00000000000000     
          40   5.38000000000000     
          41   4.92000000000000     
          42   5.14000000000000     
          43   5.78000000000000     
          44   5.66000000000000     
          45   5.16000000000000     
          46   4.92000000000000     
          47   5.16000000000000     
          48   5.72000000000000     
          49   4.94000000000000     
          50   5.48000000000000     
          51   5.42000000000000     
          52   5.56000000000000     
          53   5.74000000000000     
          54   5.70000000000000     
          55   6.70000000000000     
          56   5.56000000000000     
          57   5.66000000000000     
          58   5.94000000000000     
          59   5.66000000000000     
          60   6.46000000000000     
          61   5.48000000000000     
          62   6.88000000000000     
          63   6.02000000000000     
          64   6.04000000000000     
          65   6.70000000000000     
          66   6.32000000000000     
          67   6.48000000000000     
          68   6.36000000000000     
          69   7.58000000000000     
          70   7.30000000000000     
          71   7.06000000000000     
          72   7.34000000000000     
          73   7.60000000000000     
          74   6.22000000000000     
          75   7.76000000000000     
          76   8.08000000000000     
          77   6.32000000000000     
          78   6.40000000000000     
          79   7.56000000000000     
          80   6.76000000000000     
          81   8.20000000000000     
          82   7.02000000000000     
          83   7.08000000000000     
          84   6.12000000000000     
          85   6.94000000000000     
          86   7.78000000000000     
          87   8.78000000000000     
          88   7.38000000000000     
          89   8.42000000000000     
          90   6.26000000000000     
          91   7.22000000000000     
          92   7.24000000000000     
          93   7.00000000000000     
          94   7.32000000000000     
          95   7.82000000000000     
          96   8.64000000000000     
          97   8.62000000000000     
          98   8.30000000000000     
          99   8.58000000000000     
         100   7.08000000000000     
         101   7.54000000000000     
         102   9.28000000000000     
         103   8.48000000000000     
         104   8.60000000000000     
         105   7.92000000000000     
         106   8.72000000000000     
         107   7.86000000000000     
         108   8.30000000000000     
         109   7.78000000000000     
         110   7.94000000000000     
         111   9.64000000000000     
         112   7.76000000000000     
         113   9.28000000000000     
         114   9.32000000000000     
         115   8.90000000000000     
         116   8.30000000000000     
         117   8.16000000000000     
         118   8.64000000000000     
         119   8.14000000000000     
         120   9.74000000000000     
         121   8.58000000000000     
         122   8.20000000000000     
         123   8.92000000000000     
         124   9.00000000000000     
         125   9.28000000000000     
         126   9.04000000000000     
         127   9.22000000000000     
         128   9.00000000000000     
         129   9.24000000000000     
         130   8.40000000000000     
         131   8.72000000000000     
         132   8.96000000000000     
         133   9.24000000000000     
         134   8.72000000000000     
         135   9.10000000000000     
         136   9.56000000000000     
         137   10.2000000000000     
         138   10.0000000000000     
         139   9.46000000000000     
         140   8.12000000000000     
         141   9.62000000000000     
         142   9.92000000000000     
         143   10.0000000000000     
         144   9.38000000000000     
         145   8.40000000000000     
         146   9.62000000000000     
         147   9.86000000000000     
         148   9.84000000000000     
         149   8.26000000000000     
         150   10.1200000000000     
         151   9.08000000000000     
         152   10.5600000000000     
         153   10.6800000000000     
         154   11.0200000000000     
         155   9.60000000000000     
         156   9.62000000000000     
         157   9.82000000000000     
         158   9.48000000000000     
         159   9.74000000000000     
         160   10.0600000000000     
         161   10.5200000000000     
         162   11.9000000000000     
         163   9.78000000000000     
         164   9.42000000000000     
         165   9.80000000000000     
         166   10.3800000000000     
         167   11.0600000000000     
         168   11.3200000000000     
         169   10.9600000000000     
         170   10.1600000000000     
         171   9.90000000000000     
         172   11.5000000000000     
         173   10.8000000000000     
         174   9.68000000000000     
         175   11.5000000000000     
         176   10.2000000000000     
         177   11.7400000000000     
         178   9.56000000000000     
         179   10.6600000000000     
         180   12.7000000000000     
         181   10.3200000000000     
         182   12.5400000000000     
         183   11.1000000000000     
         184   9.70000000000000     
         185   10.2400000000000     
         186   10.7000000000000     
         187   10.8400000000000     
         188   10.6200000000000     
         189   12.0600000000000     
         190   10.8200000000000     
         191   11.9200000000000     
         192   11.1000000000000     
         193   9.30000000000000     
         194   11.6200000000000     
         195   9.72000000000000     
         196   11.9800000000000     
         197   10.5800000000000     
         198   10.0600000000000     
         199   10.9400000000000     
         200   10.2400000000000     
         201   11.3800000000000     
         202   10.4200000000000     
         203   10.2000000000000     
         204   10.8800000000000     
         205   11.6600000000000     
         206   11.6200000000000     
         207   11.3600000000000     
         208   12.5600000000000     
         209   11.9200000000000     
         210   10.7400000000000     
         211   11.0400000000000     
         212   11.3200000000000     
         213   9.88000000000000     
         214   11.3600000000000     
         215   10.5200000000000     
         216   12.2600000000000     
         217   13.5600000000000     
         218   11.6000000000000     
         219   11.4600000000000     
         220   12.4600000000000     
         221   12.9800000000000     
         222   12.9800000000000     
         223   11.3200000000000     
         224   13.8600000000000     
         225   12.8000000000000     
         226   11.7400000000000     
         227   13.1000000000000     
         228   10.4800000000000     
         229   12.6600000000000     
         230   14.0400000000000     
         231   11.4000000000000     
         232   13.0400000000000     
         233   14.6000000000000     
         234   12.1600000000000     
         235   12.2400000000000     
         236   11.6200000000000     
         237   12.1400000000000     
         238   12.7600000000000     
         239   13.2400000000000     
         240   12.3800000000000     
         241   12.3600000000000     
         242   12.0600000000000     
         243   12.0600000000000     
         244   12.6000000000000     
         245   12.8000000000000     
         246   14.6000000000000     
         247   13.0200000000000     
         248   13.1400000000000     
         249   13.0400000000000     
         250   12.7400000000000     
         251   11.6800000000000     
         252   12.6000000000000     
         253   14.7000000000000     
         254   13.3400000000000     
         255   11.3200000000000     
         256   13.0400000000000     
         257   12.0200000000000     
         258   12.8000000000000     
         259   13.2600000000000     
         260   12.1600000000000     
         261   13.7000000000000     
         262   12.3600000000000     
         263   11.8800000000000     
         264   13.0800000000000     
         265   11.8600000000000     
         266   10.4400000000000     
         267   15.9400000000000     
         268   13.7400000000000     
         269   13.2800000000000     
         270   13.7600000000000     
         271   14.0600000000000     
         272   14.0800000000000     
         273   13.6200000000000     
         274   12.8800000000000     
         275   11.1000000000000     
         276   12.9000000000000     
         277   14.0400000000000     
         278   12.8000000000000     
         279   11.6600000000000     
         280   14.3600000000000     
         281   11.3800000000000     
         282   13.9400000000000     
         283   14.2000000000000     
         284   14.8000000000000     
         285   12.6200000000000     
         286   12.6200000000000     
         287   14.0600000000000     
         288   13.7000000000000     
         289   13.6200000000000     
         290   13.9000000000000     
         291   14.1400000000000     
         292   13.4400000000000     
         293   14.8000000000000     
         294   12.7000000000000     
         295   14.0400000000000     
         296   13.9200000000000     
         297   14.0400000000000     
         298   12.6400000000000     
         299   13.4600000000000     
         300   14.4800000000000     
